# 1:t 2:x 3:y 4:z 5:P 6:Pmac 7:U 8:V 9:var 10:vort 11:R1 12:Rlocal 13:phi
0 0.05 0.05 0 71.5827 0 1.01224 -0.506945 0 0 0 0 0
0.00453287 0.05 0.05 0 -0.725821 0.491806 1.0327 -0.565576 0 0 0 0 0
0.00871318 0.05 0.05 0 -0.457027 -0.368838 1.05874 -0.605524 0 0 0 0 0
0.0128935 0.05 0.05 0 -0.336831 4.59424 1.0986 -0.649206 0 0 0 0 0
0.0170738 0.05 0.05 0 -0.524056 16.3894 1.12819 -0.681531 0 0 0 0 0
0.0213439 0.05 0.05 0 -0.323441 31.9505 1.11778 -0.687083 0 0 0 0 0
0.0259592 0.05 0.05 0 -0.497789 46.2545 1.0543 -0.65313 0 0 0 0 0
0.0308493 0.05 0.05 0 -0.567358 60.367 0.949202 -0.581263 0 0 0 0 0
0.035933 0.05 0.05 0 -0.617052 71.2071 0.806728 -0.474718 0 0 0 0 0
0.0410811 0.05 0.05 0 -0.64356 83.828 0.647422 -0.346687 0 0 0 0 0
0.0463475 0.05 0.05 0 -0.71949 91.5177 0.47593 -0.210763 0 0 0 0 0
0.0514167 0.05 0.05 0 -0.836267 98.5861 0.312563 -0.0742098 0 0 0 0 0
0.0559608 0.05 0.05 0 -0.809672 104.756 0.169886 0.0447991 0 0 0 0 0
0.06 0.05 0.05 0 -0.850673 111.042 0.046303 0.147756 0 0 0 0 0
0.0641813 0.05 0.05 0 -0.491178 118.249 -0.0761903 0.249653 0 -135.291 -1.62617 0.0187589 19812.8
