# 1:t 2:x 3:y 4:z 5:P 6:Pmac 7:U 8:V 9:var 10:vort 11:R1 12:Rlocal 13:phi
0 0.05 0 0 70.3158 0 0.0453753 3.49068e-05 0 0 0 0 0
0 0.1 0 0 69.0352 0 0.738237 1.58355e-05 0 0 0 0 0
0 0.05 0.05 0 71.5827 0 1.01224 -0.506945 0 0 0 0 0
0 0.1 0.05 0 69.3197 0 0.888887 -0.15135 0 0 0 0 0
0 0.05 0.1 0 72.3465 0 1.1293 -0.160135 0 0 0 0 0
0 0.1 0.1 0 69.6948 0 1.00988 -0.126153 0 0 0 0 0
0.00458342 0.05 0 0 -0.462388 1.80597 0.0582072 1.62503 0 0 0 0 0
0.00458342 0.1 0 0 -0.430804 3.23923 0.723696 0.00335192 0 0 0 0 0
0.00458342 0.05 0.05 0 -0.744139 0.513256 1.03254 -0.565942 0 0 0 0 0
0.00458342 0.1 0.05 0 -0.427935 1.22125 0.883907 -0.178813 0 0 0 0 0
0.00458342 0.05 0.1 0 -0.51626 1.87712 1.13882 -0.160951 0 0 0 0 0
0.00458342 0.1 0.1 0 -0.418288 1.75976 1.00812 -0.136084 0 0 0 0 0
0.00932867 0.05 0 0 -0.512895 2.22774 0.0529251 1.90548 0 0 0 0 0
0.00932867 0.1 0 0 -0.0902381 3.2849 0.710056 -0.00764765 0 0 0 0 0
0.00932867 0.05 0.05 0 -0.370231 1.17491 1.05911 -0.607669 0 0 0 0 0
0.00932867 0.1 0.05 0 -0.117602 1.29983 0.877863 -0.192435 0 0 0 0 0
0.00932867 0.05 0.1 0 -0.242702 2.36708 1.15141 -0.165058 0 0 0 0 0
0.00932867 0.1 0.1 0 -0.145354 1.98722 1.01181 -0.145481 0 0 0 0 0
0.0160032 0.05 0 0 -0.174517 2.29989 0.00136473 0.697158 0 0 0 0 0
0.0160032 0.1 0 0 0.0569703 2.95398 0.690776 -0.0266211 0 0 0 0 0
0.0160032 0.05 0.05 0 -0.356445 1.45091 1.09361 -0.641147 0 0 0 0 0
0.0160032 0.1 0.05 0 -0.00616275 1.70599 0.87264 -0.211237 0 0 0 0 0
0.0160032 0.05 0.1 0 -0.173038 2.58065 1.1711 -0.166003 0 0 0 0 0
0.0160032 0.1 0.1 0 -0.0480507 2.2037 1.0179 -0.154769 0 0 0 0 0
0.0220784 0.05 0 0 0.312789 -0.594317 0.0308932 -0.855767 0 0 0 0 0
0.0220784 0.1 0 0 0.0135203 0.089311 0.672992 -0.0463617 0 0 0 0 0
0.0220784 0.05 0.05 0 -0.44801 -3.48922 1.06487 -0.607263 0 0 0 0 0
0.0220784 0.1 0.05 0 -0.0692193 -2.07936 0.869234 -0.228208 0 0 0 0 0
0.0220784 0.05 0.1 0 -0.25005 -0.881425 1.18454 -0.165064 0 0 0 0 0
0.0220784 0.1 0.1 0 -0.128504 -1.42931 1.02339 -0.160986 0 0 0 0 0
0.0264107 0.05 0 0 0.139291 12.5392 0.0766161 -1.65472 0 0 0 0 0
0.0264107 0.1 0 0 0.142996 13.1133 0.661286 -0.056124 0 0 0 0 0
0.0264107 0.05 0.05 0 -0.340462 9.24148 1.01023 -0.552686 0 0 0 0 0
0.0264107 0.1 0.05 0 0.0405431 10.8122 0.867474 -0.239993 0 0 0 0 0
0.0264107 0.05 0.1 0 -0.147085 12.4058 1.19183 -0.163726 0 0 0 0 0
0.0264107 0.1 0.1 0 -0.0281827 11.6403 1.02721 -0.163739 0 0 0 0 0
0.0314897 0.05 0 0 -0.223241 26.8941 0.0489707 -1.5267 0 0 0 0 0
0.0314897 0.1 0 0 0.226174 27.7267 0.644977 -0.0547051 0 0 0 0 0
0.0314897 0.05 0.05 0 -0.239264 25.5385 0.929343 -0.479523 0 0 0 0 0
0.0314897 0.1 0.05 0 0.123109 26.0798 0.867189 -0.254121 0 0 0 0 0
0.0314897 0.05 0.1 0 -0.0969533 27.489 1.19826 -0.160557 0 0 0 0 0
0.0314897 0.1 0.1 0 0.0384735 26.8874 1.03129 -0.166041 0 0 0 0 0
0.0388702 0.05 0 0 0.101717 -1.02187 0.0134801 0.507057 0 0 0 0 0
0.0388702 0.1 0 0 -0.0196074 -0.223669 0.621629 -0.0570651 0 0 0 0 0
0.0388702 0.05 0.05 0 -0.357302 -2.04079 0.852412 -0.414703 0 0 0 0 0
0.0388702 0.1 0.05 0 -0.0600139 -1.33704 0.870276 -0.277251 0 0 0 0 0
0.0388702 0.05 0.1 0 -0.16025 -0.973312 1.20839 -0.153508 0 0 0 0 0
0.0388702 0.1 0.1 0 -0.00627738 -1.3479 1.03796 -0.169414 0 0 0 0 0
0.0430391 0.05 0 0 0.0721967 6.47781 0.0624139 1.45399 0 0 0 0 0
0.0430391 0.1 0 0 0.119458 8.25615 0.609044 -0.0411988 0 0 0 0 0
0.0430391 0.05 0.05 0 -0.412014 4.53781 0.842235 -0.404918 0 0 0 0 0
0.0430391 0.1 0.05 0 -0.00458204 5.49077 0.871782 -0.291319 0 0 0 0 0
0.0430391 0.05 0.1 0 -0.151767 5.13318 1.21767 -0.151555 0 0 0 0 0
0.0430391 0.1 0.1 0 -0.0410608 4.96308 1.04273 -0.172866 0 0 0 0 0
0.0484589 0.05 0 0 -0.240257 14.479 0.0424572 1.20702 0 0 0 0 0
0.0484589 0.1 0 0 0.0643528 14.9212 0.577733 -0.0301994 0 0 0 0 0
0.0484589 0.05 0.05 0 -0.351567 14.1174 0.850329 -0.408944 0 0 0 0 0
0.0484589 0.1 0.05 0 0.0227927 14.2119 0.881128 -0.328735 0 0 0 0 0
0.0484589 0.05 0.1 0 -0.165992 14.6836 1.22897 -0.147276 0 0 0 0 0
0.0484589 0.1 0.1 0 -0.0297061 14.5107 1.04931 -0.174749 0 0 0 0 0
0.0554744 0.05 0 0 0.274313 -1.00681 0.0313698 -0.901315 0 0 0 0 0
0.0554744 0.1 0 0 0.139995 0.555973 0.536844 -0.0124979 0 0 0 0 0
0.0554744 0.05 0.05 0 -0.36644 -2.68765 0.852495 -0.39959 0 0 0 0 0
0.0554744 0.1 0.05 0 0.0357137 -1.84482 0.889943 -0.347147 0 0 0 0 0
0.0554744 0.05 0.1 0 -0.160865 -1.31866 1.24181 -0.144564 0 0 0 0 0
0.0554744 0.1 0.1 0 -0.0247703 -1.41599 1.05994 -0.17748 0 0 0 0 0
0.0595886 0.05 0 0 -0.151821 5.95025 0.0687455 -1.38566 0 0 0 0 0
0.0595886 0.1 0 0 0.124179 7.61884 0.516071 0.00490406 0 0 0 0 0
0.0595886 0.05 0.05 0 -0.373659 4.23116 0.835774 -0.378238 0 0 0 0 0
0.0595886 0.1 0.05 0 -0.00199873 4.99066 0.894183 -0.353853 0 0 0 0 0
0.0595886 0.05 0.1 0 -0.183858 5.74574 1.24784 -0.141803 0 0 0 0 0
0.0595886 0.1 0.1 0 -0.0526058 5.69445 1.06671 -0.178318 0 0 0 0 0
0.0670021 0.05 0 0 -0.0611603 -2.06891 0.0175228 0.598085 0 4.29715 -119.044 -0.022666 -6.46252
0.0670021 0.1 0 0 0.0658749 -1.13208 0.46356 0.0410948 0 -7.29347 -1.33084 0.819624 106.392
0.0670021 0.05 0.05 0 -0.414496 -3.23274 0.77857 -0.321816 0 -53.3254 -4.50522 -0.123037 724.979
0.0670021 0.1 0.05 0 0.00292269 -2.611 0.903265 -0.366416 0 -4.10875 1.64527 0.407356 -6.80758
0.0670021 0.05 0.1 0 -0.182929 -2.44767 1.25818 -0.133594 0 0.405838 -5.52255 -0.431309 -1.02164
0.0670021 0.1 0.1 0 -0.0470347 -2.38617 1.07957 -0.180446 0 -0.498671 -0.627199 -2.43301 0.0778246
0.0715449 0.05 0 0 -0.199557 2.05467 0.0636794 1.38482 0 4.29715 -119.044 -0.022666 -6.46252
0.0715449 0.1 0 0 0.101651 4.10584 0.432279 0.0633888 0 -7.29347 -1.33084 0.819624 106.392
0.0715449 0.05 0.05 0 -0.527202 2.27776 0.732509 -0.293781 0 -53.3254 -4.50522 -0.123037 724.979
0.0715449 0.1 0.05 0 -0.121639 2.31135 0.904521 -0.366874 0 -4.02 1.73563 0.410254 -7.48868
0.0715449 0.05 0.1 0 -0.238061 2.72292 1.26585 -0.130841 0 0.405838 -5.52255 -0.431309 -1.02164
0.0715449 0.1 0.1 0 -0.066146 2.84087 1.08846 -0.182372 0 -0.498671 -0.627199 -2.43301 0.0778246
0.0785123 0.05 0 0 -0.126197 -3.68402 0.0181149 -0.527541 0 4.29715 -119.044 -0.022666 -6.46252
0.0785123 0.1 0 0 0.034175 -3.12097 0.378787 0.0838584 0 -7.58026 -1.39095 1.36259 97.9811
0.0785123 0.05 0.05 0 -0.449382 -3.99111 0.660408 -0.262277 0 -53.3254 -4.50522 -0.123037 724.979
0.0785123 0.1 0.05 0 -0.0666776 -4.28071 0.906642 -0.362825 0 -4.02 1.73563 0.410254 -7.48868
0.0785123 0.05 0.1 0 -0.219416 -3.39878 1.2749 -0.12737 0 0.405838 -5.52255 -0.431309 -1.02164
0.0785123 0.1 0.1 0 -0.0768089 -3.35332 1.09886 -0.182503 0 -0.498671 -0.627199 -2.43301 0.0778246
0.0828412 0.05 0 0 -0.0918464 -1.72198 0.0610746 -1.22361 0 4.29715 -119.044 -0.022666 -6.46252
0.0828412 0.1 0 0 0.0781266 -1.78372 0.358566 0.0967873 0 -6.95631 -1.31902 1.3623 88.9306
0.0828412 0.05 0.05 0 -0.531894 -2.45014 0.636368 -0.234888 0 -53.3254 -4.50522 -0.123037 724.979
0.0828412 0.1 0.05 0 -0.135832 -2.57966 0.906568 -0.359336 0 -4.02 1.73563 0.410254 -7.48868
0.0828412 0.05 0.1 0 -0.3059 -1.70817 1.2796 -0.124189 0 0.405838 -5.52255 -0.431309 -1.02164
0.0828412 0.1 0.1 0 -0.157419 -1.73869 1.10584 -0.182187 0 -0.498671 -0.627199 -2.43301 0.0778246
0.0901431 0.05 0 0 -0.067342 -3.84728 0.0268524 0.896351 0 4.29715 -119.044 -0.022666 -6.46252
0.0901431 0.1 0 0 0.0212433 -3.20813 0.306721 0.128969 0 -6.52667 -1.20796 0.937148 83.4751
0.0901431 0.05 0.05 0 -0.486725 -4.3667 0.608704 -0.190744 0 -53.3254 -4.50522 -0.123037 724.979
0.0901431 0.1 0.05 0 -0.10884 -4.26935 0.90175 -0.358692 0 -4.02 1.73563 0.410254 -7.48868
0.0901431 0.05 0.1 0 -0.219695 -3.74371 1.28979 -0.11514 0 0.405838 -5.52255 -0.431309 -1.02164
0.0901431 0.1 0.1 0 -0.102674 -3.46662 1.11882 -0.182191 0 -0.498671 -0.627199 -2.43301 0.0778246
0.0955164 0.05 0 0 -0.470691 -2.1088 0.0481462 0.648865 0 4.29715 -119.044 -0.022666 -6.46252
0.0955164 0.1 0 0 0.0107187 -0.808383 0.261469 0.149418 0 -6.7607 -1.28796 1.16649 91.5401
0.0955164 0.05 0.05 0 -0.461116 -1.25105 0.562838 -0.153752 0 -53.3254 -4.50522 -0.123037 724.979
0.0955164 0.1 0.05 0 -0.0670881 -1.22413 0.909574 -0.360909 0 -3.07168 1.95911 0.409773 -10.664
0.0955164 0.05 0.1 0 -0.218696 -1.15974 1.29755 -0.112326 0 0.405838 -5.52255 -0.431309 -1.02164
0.0955164 0.1 0.1 0 -0.0721772 -0.829887 1.12818 -0.183844 0 -0.498671 -0.627199 -2.43301 0.0778246
0.10087 0.05 0 0 -0.0324723 -2.10239 0.0402588 -1.07231 0 4.29715 -119.044 -0.022666 -6.46252
0.10087 0.1 0 0 0.0122155 -1.74078 0.234051 0.150452 0 -6.52667 -1.20796 0.937148 83.4751
0.10087 0.05 0.05 0 -0.401212 -2.5555 0.521286 -0.120836 0 -53.3254 -4.50522 -0.123037 724.979
0.10087 0.1 0.05 0 -0.0699637 -3.39498 0.889794 -0.355278 0 -4.02 1.73563 0.410254 -7.48868
0.10087 0.05 0.1 0 -0.186354 -2.2845 1.30143 -0.108908 0 0.405838 -5.52255 -0.431309 -1.02164
0.10087 0.1 0.1 0 -0.0588757 -2.17304 1.13631 -0.182801 0 -0.498671 -0.627199 -2.43301 0.0778246
0.108013 0.05 0 0 -0.435749 -3.66369 0.0219059 0.674467 0 4.29715 -119.044 -0.022666 -6.46252
0.108013 0.1 0 0 0.00547692 -2.86725 0.176248 0.176483 0 -6.38412 -1.24739 0.823769 91.4569
0.108013 0.05 0.05 0 -0.583466 -3.4166 0.500111 -0.0957866 0 -53.3254 -4.50522 -0.123037 724.979
0.108013 0.1 0.05 0 -0.193015 -3.51802 0.894863 -0.361772 0 -3.07168 1.95911 0.409773 -10.664
0.108013 0.05 0.1 0 -0.284395 -2.98324 1.30924 -0.0996299 0 0.405838 -5.52255 -0.431309 -1.02164
0.108013 0.1 0.1 0 -0.175011 -2.76701 1.14958 -0.183842 0 -0.498671 -0.627199 -2.43301 0.0778246
0.113633 0.05 0 0 -0.40167 -1.76781 0.0432421 0.324918 0 4.29715 -119.044 -0.022666 -6.46252
0.113633 0.1 0 0 -0.102232 -0.859271 0.132329 0.188805 0 -6.73355 -1.28394 1.16649 90.7548
0.113633 0.05 0.05 0 -0.441837 -1.23166 0.45803 -0.0666824 0 -53.3254 -4.50522 -0.123037 724.979
0.113633 0.1 0.05 0 -0.104194 -1.1156 0.886347 -0.359652 0 -3.07168 1.95911 0.409773 -10.664
0.113633 0.05 0.1 0 -0.208734 -0.997882 1.31548 -0.0959747 0 0.405838 -5.52255 -0.431309 -1.02164
0.113633 0.1 0.1 0 -0.0836208 -0.732067 1.15911 -0.184421 0 -0.498671 -0.627199 -2.43301 0.0778246
0.119033 0.05 0 0 -0.192011 -2.2485 0.0453509 -1.07217 0 4.29715 -119.044 -0.022666 -6.46252
0.119033 0.1 0 0 -0.0600361 -2.19423 0.105525 0.185953 0 -6.38412 -1.24739 0.823769 91.4569
0.119033 0.05 0.05 0 -0.414147 -1.63353 0.42087 -0.0356385 0 -53.3254 -4.50522 -0.123037 724.979
0.119033 0.1 0.05 0 -0.135952 -2.47874 0.875862 -0.356201 0 -3.07168 1.95911 0.409773 -10.664
0.119033 0.05 0.1 0 -0.213447 -1.78339 1.31773 -0.0916148 0 0.405838 -5.52255 -0.431309 -1.02164
0.119033 0.1 0.1 0 -0.100363 -1.59362 1.16772 -0.184125 0 -0.498671 -0.627199 -2.43301 0.0778246
0.125566 0.05 0 0 -0.156999 -2.67953 0.0299671 0.963787 0 4.29715 -119.044 -0.022666 -6.46252
0.125566 0.1 0 0 -0.075124 -2.95846 0.0637855 0.199152 0 -6.38412 -1.24739 0.823769 91.4569
0.125566 0.05 0.05 0 -0.42211 -2.74463 0.409053 -0.0263945 0 -53.3254 -4.50522 -0.123037 724.979
0.125566 0.1 0.05 0 -0.143798 -3.28235 0.862295 -0.353322 0 -3.07168 1.95911 0.409773 -10.664
0.125566 0.05 0.1 0 -0.17997 -3.12471 1.32339 -0.0822655 0 0.405838 -5.52255 -0.431309 -1.02164
0.125566 0.1 0.1 0 -0.0801571 -2.49985 1.17935 -0.18377 0 -0.498671 -0.627199 -2.43301 0.0778246
0.132295 0.05 0 0 -0.37666 -2.60783 0.0204489 -0.802977 0 4.29715 -119.044 -0.022666 -6.46252
0.132295 0.1 0 0 -0.22014 -1.89021 0.0242247 0.197459 0 -6.38412 -1.24739 0.823769 91.4569
0.132295 0.05 0.05 0 -0.41254 -1.34442 0.358243 0.00525841 0 -53.3254 -4.50522 -0.123037 724.979
0.132295 0.1 0.05 0 -0.209938 -2.10484 0.847555 -0.343362 0 -3.07168 1.95911 0.409773 -10.664
0.132295 0.05 0.1 0 -0.177662 -1.75668 1.32621 -0.0781167 0 0.405838 -5.52255 -0.431309 -1.02164
0.132295 0.1 0.1 0 -0.0664902 -1.30903 1.1889 -0.183445 0 -0.498671 -0.627199 -2.43301 0.0778246
0.138696 0.05 0 0 -0.490676 -2.05984 0.0228824 0.601114 0 4.29715 -119.044 -0.022666 -6.46252
0.138696 0.1 0 0 -0.118271 -1.31033 -0.0205569 0.204811 0 -6.14246 -1.269 0.660392 91.5603
0.138696 0.05 0.05 0 -0.401098 -1.04702 0.351438 0.0155958 0 -53.3254 -4.50522 -0.123037 724.979
0.138696 0.1 0.05 0 -0.19923 -1.37796 0.831757 -0.333832 0 -3.07168 1.95911 0.409773 -10.664
0.138696 0.05 0.1 0 -0.16545 -1.19784 1.32892 -0.0683037 0 0.405838 -5.52255 -0.431309 -1.02164
0.138696 0.1 0.1 0 -0.0829295 -0.793165 1.20007 -0.181697 0 -0.498671 -0.627199 -2.43301 0.0778246
0.145255 0.05 0 0 -0.467945 -0.653048 0.0264067 -0.62961 0 4.29715 -119.044 -0.022666 -6.46252
0.145255 0.1 0 0 -0.16739 -0.525747 -0.0697718 0.215979 0 -6.83778 -1.3525 1.72015 66.6239
0.145255 0.05 0.05 0 -0.435691 -0.357 0.315218 0.0327429 0 -53.3254 -4.50522 -0.123037 724.979
0.145255 0.1 0.05 0 -0.206276 -0.53892 0.812603 -0.321872 0 -3.07168 1.95911 0.409773 -10.664
0.145255 0.05 0.1 0 -0.244808 -0.438882 1.33185 -0.0637561 0 0.405838 -5.52255 -0.431309 -1.02164
0.145255 0.1 0.1 0 -0.13338 -0.157157 1.20976 -0.180541 0 -0.498671 -0.627199 -2.43301 0.0778246
0.151616 0.05 0 0 -0.487166 -0.662406 0.0341867 0.226084 0 4.29715 -119.044 -0.022666 -6.46252
0.151616 0.1 0 0 -0.180557 -0.48495 -0.0944031 0.198973 0 -6.11128 -1.23828 0.582933 90.51
0.151616 0.05 0.05 0 -0.365253 -0.175656 0.303499 0.0451037 0 -53.3254 -4.50522 -0.123037 724.979
0.151616 0.1 0.05 0 -0.219511 -0.371711 0.792724 -0.308931 0 -3.07168 1.95911 0.409773 -10.664
0.151616 0.05 0.1 0 -0.201697 -0.194075 1.33196 -0.0546314 0 0.405838 -5.52255 -0.431309 -1.02164
0.151616 0.1 0.1 0 -0.126952 0.00210294 1.21928 -0.178435 0 -0.498671 -0.627199 -2.43301 0.0778246
0.157537 0.05 0 0 -0.4519 -0.878236 0.03358 0.00668541 0 4.29715 -119.044 -0.022666 -6.46252
0.157537 0.1 0 0 -0.220023 -0.937848 -0.123506 0.195919 0 -6.11128 -1.25063 0.582933 90.51
0.157537 0.05 0.05 0 -0.452578 -0.493196 0.282596 0.0478778 0 -53.3254 -4.50522 -0.123037 724.979
0.157537 0.1 0.05 0 -0.219459 -0.805892 0.771287 -0.296089 0 -3.07168 1.95911 0.409773 -10.664
0.157537 0.05 0.1 0 -0.196918 -0.723839 1.34281 -0.0476066 0 0.6029 -5.59109 -0.387725 -1.48449
0.157537 0.1 0.1 0 -0.0865221 -0.380867 1.22849 -0.177243 0 -0.510105 -0.67474 -2.44222 0.113324
0.162846 0.05 0 0 -0.296409 -0.661351 0.0387512 -0.692241 0 4.29715 -119.044 -0.022666 -6.46252
0.162846 0.1 0 0 -0.256823 -1.01321 -0.144687 0.18565 0 -6.14032 -1.28801 0.604271 93.9553
0.162846 0.05 0.05 0 -0.270275 -0.27794 0.265737 0.0627225 0 -53.3254 -4.50522 -0.123037 724.979
0.162846 0.1 0.05 0 -0.210609 -0.67653 0.754743 -0.281112 0 -3.07168 1.95911 0.409773 -10.664
0.162846 0.05 0.1 0 -0.16289 -0.393658 1.33178 -0.0436801 0 0.405838 -5.52255 -0.431309 -1.02164
0.162846 0.1 0.1 0 -0.102241 -0.199865 1.23411 -0.174021 0 -0.498671 -0.627199 -2.43301 0.0778246
0.169478 0.05 0 0 -0.230245 -0.433727 0.0391881 0.635511 0 4.29715 -119.044 -0.022666 -6.46252
0.169478 0.1 0 0 -0.262804 -0.988607 -0.172663 0.18338 0 -6.14032 -1.28801 0.604271 93.9553
0.169478 0.05 0.05 0 -0.386392 -0.524903 0.261466 0.0538465 0 -53.3254 -4.50522 -0.123037 724.979
0.169478 0.1 0.05 0 -0.23184 -0.608709 0.729318 -0.264871 0 -3.07168 1.95911 0.409773 -10.664
0.169478 0.05 0.1 0 -0.221551 -0.554556 1.33319 -0.0358187 0 0.405838 -5.52255 -0.431309 -1.02164
0.169478 0.1 0.1 0 -0.128261 -0.269789 1.24195 -0.171623 0 -0.498671 -0.627199 -2.43301 0.0778246
0.17585 0.05 0 0 -0.226054 -0.876635 0.0366952 -0.712452 0 4.29715 -119.044 -0.022666 -6.46252
0.17585 0.1 0 0 -0.283227 -1.34228 -0.197803 0.166978 0 -6.14032 -1.28801 0.604271 93.9553
0.17585 0.05 0.05 0 -0.232406 -0.514802 0.238004 0.0694279 0 -53.3254 -4.50522 -0.123037 724.979
0.17585 0.1 0.05 0 -0.220946 -0.902466 0.707474 -0.244854 0 -3.07168 1.95911 0.409773 -10.664
0.17585 0.05 0.1 0 -0.144252 -0.509848 1.3308 -0.0295014 0 0.405838 -5.52255 -0.431309 -1.02164
0.17585 0.1 0.1 0 -0.0886658 -0.459001 1.24848 -0.168337 0 -0.498671 -0.627199 -2.43301 0.0778246
0.181624 0.05 0 0 -0.313072 -1.0517 0.0365885 0.790391 0 4.29715 -119.044 -0.022666 -6.46252
0.181624 0.1 0 0 -0.316592 -1.58228 -0.218291 0.163179 0 -6.14032 -1.28801 0.604271 93.9553
0.181624 0.05 0.05 0 -0.359694 -0.793528 0.24041 0.0563918 0 -53.3254 -4.50522 -0.123037 724.979
0.181624 0.1 0.05 0 -0.30527 -0.957887 0.684931 -0.229135 0 -3.07168 1.95911 0.409773 -10.664
0.181624 0.05 0.1 0 -0.231148 -0.851538 1.33218 -0.0224334 0 0.405838 -5.52255 -0.431309 -1.02164
0.181624 0.1 0.1 0 -0.182 -0.714735 1.25458 -0.166275 0 -0.498671 -0.627199 -2.43301 0.0778246
0.188433 0.05 0 0 -0.271611 -1.02466 0.0344631 -0.552448 0 4.29715 -119.044 -0.022666 -6.46252
0.188433 0.1 0 0 -0.271602 -1.44132 -0.242551 0.143383 0 -6.14032 -1.28801 0.604271 93.9553
0.188433 0.05 0.05 0 -0.274008 -0.762232 0.215995 0.0715637 0 -53.3254 -4.50522 -0.123037 724.979
0.188433 0.1 0.05 0 -0.239006 -1.06968 0.660826 -0.207133 0 -3.07168 1.95911 0.409773 -10.664
0.188433 0.05 0.1 0 -0.155908 -0.605007 1.33507 -0.0140213 0 0.6029 -5.59109 -0.387725 -1.48449
0.188433 0.1 0.1 0 -0.0743013 -0.782783 1.25981 -0.162245 0 -0.510105 -0.67474 -2.44222 0.113324
0.194772 0.05 0 0 -0.334156 -0.957442 0.0405212 0.697373 0 4.29715 -119.044 -0.022666 -6.46252
0.194772 0.1 0 0 -0.264887 -1.57291 -0.260155 0.136241 0 -6.14032 -1.28801 0.604271 93.9553
0.194772 0.05 0.05 0 -0.426456 -0.967407 0.216707 0.0576501 0 -53.3254 -4.50522 -0.123037 724.979
0.194772 0.1 0.05 0 -0.285539 -1.1638 0.636283 -0.190125 0 -3.07168 1.95911 0.409773 -10.664
0.194772 0.05 0.1 0 -0.228107 -0.892862 1.33629 -0.00719977 0 0.6029 -5.59109 -0.387725 -1.48449
0.194772 0.1 0.1 0 -0.138318 -1.04017 1.26416 -0.160096 0 -0.510105 -0.67474 -2.44222 0.113324
0.200714 0.05 0 0 -0.474871 -2.24738 0.0381726 -0.820777 0 4.29715 -119.044 -0.022666 -6.46252
0.200714 0.1 0 0 -0.411427 -2.64378 -0.275512 0.117885 0 -6.14032 -1.28801 0.604271 93.9553
0.200714 0.05 0.05 0 -0.421626 -1.64099 0.195413 0.070177 0 -53.3254 -4.50522 -0.123037 724.979
0.200714 0.1 0.05 0 -0.40577 -1.97378 0.61629 -0.171815 0 -3.07168 1.95911 0.409773 -10.664
0.200714 0.05 0.1 0 -0.322405 -1.46267 1.33271 -0.00354127 0 0.6029 -5.59109 -0.387725 -1.48449
0.200714 0.1 0.1 0 -0.259331 -1.78493 1.26678 -0.156431 0 -0.510105 -0.67474 -2.44222 0.113324
0.207309 0.05 0 0 -0.455782 -2.0284 0.0368534 0.645338 0 4.29715 -119.044 -0.022666 -6.46252
0.207309 0.1 0 0 -0.470763 -2.57048 -0.291544 0.110033 0 -6.14032 -1.28801 0.604271 93.9553
0.207309 0.05 0.05 0 -0.464044 -1.60292 0.198383 0.0570835 0 -53.3254 -4.50522 -0.123037 724.979
0.207309 0.1 0.05 0 -0.428274 -1.82337 0.592306 -0.156141 0 -3.07168 1.95911 0.409773 -10.664
0.207309 0.05 0.1 0 -0.294249 -1.48471 1.3341 0.00323411 0 0.6029 -5.59109 -0.387725 -1.48449
0.207309 0.1 0.1 0 -0.254108 -1.73761 1.27076 -0.152981 0 -0.510105 -0.67474 -2.44222 0.113324
0.214216 0.05 0 0 -0.328176 -1.44874 0.0333303 -0.189783 0 4.29715 -119.044 -0.022666 -6.46252
0.214216 0.1 0 0 -0.387985 -1.99773 -0.306695 0.0896074 0 -6.14032 -1.28801 0.604271 93.9553
0.214216 0.05 0.05 0 -0.270814 -1.04702 0.180208 0.0701385 0 -53.3254 -4.50522 -0.123037 724.979
0.214216 0.1 0.05 0 -0.316343 -1.48273 0.570295 -0.137813 0 -3.07168 1.95911 0.409773 -10.664
0.214216 0.05 0.1 0 -0.148282 -1.03078 1.33231 0.00773452 0 0.6029 -5.59109 -0.387725 -1.48449
0.214216 0.1 0.1 0 -0.158115 -1.29627 1.2719 -0.153433 0 -0.787257 -0.611355 -4.11766 0.243866
0.22087 0.05 0 0 -0.521715 -1.45929 0.0204393 -0.665281 0 4.29715 -119.044 -0.022666 -6.46252
0.22087 0.1 0 0 -0.366852 -1.51342 -0.318488 0.0761077 0 -6.14032 -1.28801 0.604271 93.9553
0.22087 0.05 0.05 0 -0.41778 -0.816158 0.167058 0.0683248 0 -53.3254 -4.50522 -0.123037 724.979
0.22087 0.1 0.05 0 -0.352716 -1.08749 0.547378 -0.122097 0 -3.07168 1.95911 0.409773 -10.664
0.22087 0.05 0.1 0 -0.283374 -0.801541 1.33311 0.0118526 0 0.6029 -5.59109 -0.387725 -1.48449
0.22087 0.1 0.1 0 -0.213111 -0.946877 1.27483 -0.147913 0 -0.787257 -0.611355 -4.11766 0.243866
0.227257 0.05 0 0 -0.368315 -2.31427 0.0155318 0.765132 0 4.29715 -119.044 -0.022666 -6.46252
0.227257 0.1 0 0 -0.360719 -3.11876 -0.325725 0.0623395 0 -6.14032 -1.28801 0.604271 93.9553
0.227257 0.05 0.05 0 -0.240142 -1.11276 0.173238 0.0640118 0 -53.3254 -4.50522 -0.123037 724.979
0.227257 0.1 0.05 0 -0.295093 -1.73709 0.527969 -0.110004 0 -3.07168 1.95911 0.409773 -10.664
0.227257 0.05 0.1 0 -0.116275 -1.39166 1.32411 0.0183846 0 0.405838 -5.52255 -0.431309 -1.02164
0.227257 0.1 0.1 0 -0.110682 -1.73482 1.27527 -0.138434 0 -0.498671 -0.627199 -2.43301 0.0778246
0.233993 0.05 0 0 -0.410036 -1.64962 0.023652 -0.0309275 0 4.29715 -119.044 -0.022666 -6.46252
0.233993 0.1 0 0 -0.510282 -2.06969 -0.337652 0.0438884 0 -6.14032 -1.28801 0.604271 93.9553
0.233993 0.05 0.05 0 -0.44434 -1.28852 0.156186 0.0762243 0 -53.3254 -4.50522 -0.123037 724.979
0.233993 0.1 0.05 0 -0.500925 -1.68514 0.508662 -0.0962784 0 -3.07168 1.95911 0.409773 -10.664
0.233993 0.05 0.1 0 -0.384733 -1.29326 1.33117 0.0218025 0 0.6029 -5.59109 -0.387725 -1.48449
0.233993 0.1 0.1 0 -0.37894 -1.59138 1.27892 -0.136561 0 -0.786299 -0.611287 -4.03758 0.257683
0.2408 0.05 0 0 -0.465534 -1.55096 0.0179983 -0.716629 0 4.29715 -119.044 -0.022666 -6.46252
0.2408 0.1 0 0 -0.445471 -1.94371 -0.344488 0.0272455 0 -6.14032 -1.28801 0.604271 93.9553
0.2408 0.05 0.05 0 -0.382641 -0.9727 0.145858 0.0735835 0 -53.3254 -4.50522 -0.123037 724.979
0.2408 0.1 0.05 0 -0.36925 -1.29036 0.488232 -0.0853463 0 -3.07168 1.95911 0.409773 -10.664
0.2408 0.05 0.1 0 -0.250881 -0.996224 1.33208 0.0252211 0 0.6029 -5.59109 -0.387725 -1.48449
0.2408 0.1 0.1 0 -0.206214 -1.19986 1.28111 -0.131853 0 -0.787257 -0.611355 -4.11766 0.243866
0.247132 0.05 0 0 -0.217161 -2.61397 0.0164869 0.788372 0 4.29715 -119.044 -0.022666 -6.46252
0.247132 0.1 0 0 -0.335504 -3.57121 -0.347058 0.0144693 0 -6.14032 -1.28801 0.604271 93.9553
0.247132 0.05 0.05 0 -0.255819 -2.14351 0.15598 0.0660138 0 -53.3254 -4.50522 -0.123037 724.979
0.247132 0.1 0.05 0 -0.266803 -2.43989 0.471383 -0.0779131 0 -3.07168 1.95911 0.409773 -10.664
0.247132 0.05 0.1 0 -0.121823 -2.27389 1.32162 0.032381 0 0.405838 -5.52255 -0.431309 -1.02164
0.247132 0.1 0.1 0 -0.0956226 -2.50244 1.27815 -0.123483 0 -0.498671 -0.627199 -2.43301 0.0778246
